# step, loss_train, loss_test, metrics_test
0.000000000000000000e+00 7.129524350166320801e-01 6.167539358139038086e-01 0.000000000000000000e+00 1.413316093385219574e-02 7.129524350166320801e-01 6.167539358139038086e-01 0.000000000000000000e+00 1.413316093385219574e-02
1.000000000000000000e+03 1.156562119722366333e-01 2.096133083105087280e-01 1.636354811489582062e-02 3.063532151281833649e-02 1.156562119722366333e-01 2.096133083105087280e-01 1.636354811489582062e-02 3.063532151281833649e-02
2.000000000000000000e+03 5.660735443234443665e-02 1.265013962984085083e-01 5.211155861616134644e-03 1.860928349196910858e-02 5.660735443234443665e-02 1.265013962984085083e-01 5.211155861616134644e-03 1.860928349196910858e-02
3.000000000000000000e+03 2.514001168310642242e-02 1.091933026909828186e-01 1.881348318420350552e-03 6.878179498016834259e-03 2.514001168310642242e-02 1.091933026909828186e-01 1.881348318420350552e-03 6.878179498016834259e-03
4.000000000000000000e+03 2.145600877702236176e-02 1.215490028262138367e-01 3.988287062384188175e-04 5.507242400199174881e-03 2.145600877702236176e-02 1.215490028262138367e-01 3.988287062384188175e-04 5.507242400199174881e-03
5.000000000000000000e+03 1.193338260054588318e-02 2.654814161360263824e-02 2.774577005766332150e-04 7.875656010583043098e-04 1.193338260054588318e-02 2.654814161360263824e-02 2.774577005766332150e-04 7.875656010583043098e-04
6.000000000000000000e+03 1.299549639225006104e-02 1.816498488187789917e-02 3.167113754898309708e-04 3.167569870129227638e-03 1.299549639225006104e-02 1.816498488187789917e-02 3.167113754898309708e-04 3.167569870129227638e-03
7.000000000000000000e+03 8.270898833870887756e-03 2.918221801519393921e-02 5.757930921390652657e-04 4.467563237994909286e-03 8.270898833870887756e-03 2.918221801519393921e-02 5.757930921390652657e-04 4.467563237994909286e-03
8.000000000000000000e+03 1.044201385229825974e-02 1.820928975939750671e-02 2.151502558263018727e-04 3.949498757719993591e-03 1.044201385229825974e-02 1.820928975939750671e-02 2.151502558263018727e-04 3.949498757719993591e-03
9.000000000000000000e+03 7.462995592504739761e-03 1.737195625901222229e-02 1.844346697907894850e-04 4.050785209983587265e-03 7.462995592504739761e-03 1.737195625901222229e-02 1.844346697907894850e-04 4.050785209983587265e-03
1.000000000000000000e+04 1.357149053364992142e-02 9.537366218864917755e-03 1.439814514014869928e-04 2.398332580924034119e-03 1.357149053364992142e-02 9.537366218864917755e-03 1.439814514014869928e-04 2.398332580924034119e-03
1.100000000000000000e+04 6.857397500425577164e-03 1.823845133185386658e-02 2.364274987485259771e-04 3.747983602806925774e-03 6.857397500425577164e-03 1.823845133185386658e-02 2.364274987485259771e-04 3.747983602806925774e-03
1.200000000000000000e+04 6.536196917295455933e-03 1.024886965751647949e-02 5.495848599821329117e-04 4.439205862581729889e-03 6.536196917295455933e-03 1.024886965751647949e-02 5.495848599821329117e-04 4.439205862581729889e-03
1.300000000000000000e+04 9.383543394505977631e-03 1.344571914523839951e-02 2.697072632145136595e-04 6.431746878661215305e-04 9.383543394505977631e-03 1.344571914523839951e-02 2.697072632145136595e-04 6.431746878661215305e-04
1.400000000000000000e+04 6.703376770019531250e-03 1.304591260850429535e-02 3.712282050400972366e-04 1.377054490149021149e-03 6.703376770019531250e-03 1.304591260850429535e-02 3.712282050400972366e-04 1.377054490149021149e-03
1.500000000000000000e+04 6.564750801771879196e-03 1.170483976602554321e-02 1.913492596941068769e-04 1.906653051264584064e-03 6.564750801771879196e-03 1.170483976602554321e-02 1.913492596941068769e-04 1.906653051264584064e-03
1.600000000000000000e+04 6.010278593748807907e-03 2.452064119279384613e-02 1.463074731873348355e-04 5.878514610230922699e-03 6.010278593748807907e-03 2.452064119279384613e-02 1.463074731873348355e-04 5.878514610230922699e-03
1.700000000000000000e+04 8.332283236086368561e-03 1.086069177836179733e-02 1.872156863100826740e-04 6.214131135493516922e-03 8.332283236086368561e-03 1.086069177836179733e-02 1.872156863100826740e-04 6.214131135493516922e-03
1.800000000000000000e+04 6.387597415596246719e-03 1.472555287182331085e-02 1.849503751145675778e-04 1.112555619329214096e-03 6.387597415596246719e-03 1.472555287182331085e-02 1.849503751145675778e-04 1.112555619329214096e-03
1.900000000000000000e+04 7.881687022745609283e-03 1.015809550881385803e-02 2.241040638182312250e-04 3.359265159815549850e-03 7.881687022745609283e-03 1.015809550881385803e-02 2.241040638182312250e-04 3.359265159815549850e-03
2.000000000000000000e+04 7.868267595767974854e-03 1.523074042052030563e-02 2.608002978377044201e-04 6.107711698859930038e-03 7.868267595767974854e-03 1.523074042052030563e-02 2.608002978377044201e-04 6.107711698859930038e-03
2.100000000000000000e+04 6.853786762803792953e-03 9.187563322484493256e-03 4.256742249708622694e-04 8.157033473253250122e-03 6.853786762803792953e-03 9.187563322484493256e-03 4.256742249708622694e-04 8.157033473253250122e-03
2.200000000000000000e+04 5.455843638628721237e-03 1.339718885719776154e-02 2.425239799777045846e-04 3.879858704749494791e-04 5.455843638628721237e-03 1.339718885719776154e-02 2.425239799777045846e-04 3.879858704749494791e-04
2.300000000000000000e+04 5.654633510857820511e-03 1.773626357316970825e-02 3.782853309530764818e-04 6.918462458997964859e-04 5.654633510857820511e-03 1.773626357316970825e-02 3.782853309530764818e-04 6.918462458997964859e-04
2.400000000000000000e+04 5.489263683557510376e-03 7.044611498713493347e-03 1.275875547435134649e-04 7.011374691501259804e-04 5.489263683557510376e-03 7.044611498713493347e-03 1.275875547435134649e-04 7.011374691501259804e-04
2.500000000000000000e+04 5.238282494246959686e-03 1.275793369859457016e-02 3.065274504479020834e-04 4.186361562460660934e-03 5.238282494246959686e-03 1.275793369859457016e-02 3.065274504479020834e-04 4.186361562460660934e-03
2.600000000000000000e+04 6.298478692770004272e-03 9.054113179445266724e-03 2.115212118951603770e-04 4.976951167918741703e-04 6.298478692770004272e-03 9.054113179445266724e-03 2.115212118951603770e-04 4.976951167918741703e-04
2.700000000000000000e+04 6.638703402131795883e-03 8.833042345941066742e-03 2.866279683075845242e-04 2.316853497177362442e-03 6.638703402131795883e-03 8.833042345941066742e-03 2.866279683075845242e-04 2.316853497177362442e-03
2.800000000000000000e+04 7.956824265420436859e-03 1.136272121220827103e-02 5.977870314382016659e-04 4.964472260326147079e-03 7.956824265420436859e-03 1.136272121220827103e-02 5.977870314382016659e-04 4.964472260326147079e-03
2.900000000000000000e+04 5.403775721788406372e-03 1.031793095171451569e-02 1.433011348126456141e-04 1.439708401449024677e-03 5.403775721788406372e-03 1.031793095171451569e-02 1.433011348126456141e-04 1.439708401449024677e-03
3.000000000000000000e+04 6.850221194326877594e-03 9.632280096411705017e-03 3.475437988527119160e-04 4.246444441378116608e-03 6.850221194326877594e-03 9.632280096411705017e-03 3.475437988527119160e-04 4.246444441378116608e-03
3.100000000000000000e+04 5.266328342258930206e-03 1.361581403762102127e-02 2.830236044246703386e-04 3.722133580595254898e-03 5.266328342258930206e-03 1.361581403762102127e-02 2.830236044246703386e-04 3.722133580595254898e-03
3.200000000000000000e+04 4.558366723358631134e-03 6.416685413569211960e-03 1.402048219460994005e-04 3.123931819573044777e-03 4.558366723358631134e-03 6.416685413569211960e-03 1.402048219460994005e-04 3.123931819573044777e-03
3.300000000000000000e+04 6.478968542069196701e-03 4.042765591293573380e-03 1.357415894744917750e-04 7.787705981172621250e-04 6.478968542069196701e-03 4.042765591293573380e-03 1.357415894744917750e-04 7.787705981172621250e-04
3.400000000000000000e+04 6.042996887117624283e-03 6.774802226573228836e-03 1.201199847855605185e-04 2.633305266499519348e-03 6.042996887117624283e-03 6.774802226573228836e-03 1.201199847855605185e-04 2.633305266499519348e-03
3.500000000000000000e+04 4.478623624891042709e-03 1.035889610648155212e-02 1.739401486702263355e-04 4.303064662963151932e-03 4.478623624891042709e-03 1.035889610648155212e-02 1.739401486702263355e-04 4.303064662963151932e-03
3.600000000000000000e+04 3.945992328226566315e-03 1.004451140761375427e-02 1.079797802958637476e-04 9.199936175718903542e-04 3.945992328226566315e-03 1.004451140761375427e-02 1.079797802958637476e-04 9.199936175718903542e-04
3.700000000000000000e+04 5.300834309309720993e-03 8.029841817915439606e-03 2.814600593410432339e-04 9.412589715793728828e-04 5.300834309309720993e-03 8.029841817915439606e-03 2.814600593410432339e-04 9.412589715793728828e-04
3.800000000000000000e+04 5.842482205480337143e-03 9.806570596992969513e-03 3.379124391358345747e-04 2.948374953120946884e-03 5.842482205480337143e-03 9.806570596992969513e-03 3.379124391358345747e-04 2.948374953120946884e-03
3.900000000000000000e+04 5.946779157966375351e-03 1.178736612200737000e-02 8.994240488391369581e-05 1.764701912179589272e-03 5.946779157966375351e-03 1.178736612200737000e-02 8.994240488391369581e-05 1.764701912179589272e-03
4.000000000000000000e+04 4.373959731310606003e-03 5.626843310892581940e-03 4.164167694398202002e-05 5.670960526913404465e-04 4.373959731310606003e-03 5.626843310892581940e-03 4.164167694398202002e-05 5.670960526913404465e-04
4.100000000000000000e+04 5.830361973494291306e-03 1.417878642678260803e-02 7.203477434813976288e-04 8.382428204640746117e-04 5.830361973494291306e-03 1.417878642678260803e-02 7.203477434813976288e-04 8.382428204640746117e-04
4.200000000000000000e+04 4.707395099103450775e-03 6.472082342952489853e-03 3.533223061822354794e-04 1.692014862783253193e-03 4.707395099103450775e-03 6.472082342952489853e-03 3.533223061822354794e-04 1.692014862783253193e-03
4.300000000000000000e+04 4.119218327105045319e-03 9.437934495508670807e-03 3.839581913780421019e-04 2.288420684635639191e-03 4.119218327105045319e-03 9.437934495508670807e-03 3.839581913780421019e-04 2.288420684635639191e-03
4.400000000000000000e+04 5.202009342610836029e-03 1.064068917185068130e-02 2.528341137804090977e-04 2.106531755998730659e-03 5.202009342610836029e-03 1.064068917185068130e-02 2.528341137804090977e-04 2.106531755998730659e-03
4.500000000000000000e+04 5.338835529983043671e-03 8.130098693072795868e-03 3.867146151605993509e-04 6.483776378445327282e-04 5.338835529983043671e-03 8.130098693072795868e-03 3.867146151605993509e-04 6.483776378445327282e-04
4.600000000000000000e+04 4.465811885893344879e-03 8.860164321959018707e-03 2.907024754676967859e-04 5.310714710503816605e-03 4.465811885893344879e-03 8.860164321959018707e-03 2.907024754676967859e-04 5.310714710503816605e-03
4.700000000000000000e+04 4.285371396690607071e-03 4.437162540853023529e-03 1.333677791990339756e-04 1.570900087244808674e-03 4.285371396690607071e-03 4.437162540853023529e-03 1.333677791990339756e-04 1.570900087244808674e-03
4.800000000000000000e+04 5.534439347684383392e-03 7.438125554472208023e-03 4.532160528469830751e-04 4.334011580795049667e-03 5.534439347684383392e-03 7.438125554472208023e-03 4.532160528469830751e-04 4.334011580795049667e-03
4.900000000000000000e+04 4.864343442022800446e-03 5.224209744483232498e-03 1.433604047633707523e-04 3.466742811724543571e-03 4.864343442022800446e-03 5.224209744483232498e-03 1.433604047633707523e-04 3.466742811724543571e-03
5.000000000000000000e+04 3.687258576974272728e-03 9.363260120153427124e-03 1.004115983960218728e-04 2.593451878055930138e-03 3.687258576974272728e-03 9.363260120153427124e-03 1.004115983960218728e-04 2.593451878055930138e-03
5.100000000000000000e+04 3.734103636816143990e-03 7.372497115284204483e-03 1.998363732127472758e-04 8.878982043825089931e-04 3.734103636816143990e-03 7.372497115284204483e-03 1.998363732127472758e-04 8.878982043825089931e-04
5.200000000000000000e+04 4.473661538213491440e-03 6.798726972192525864e-03 3.346835437696427107e-04 4.921289510093629360e-04 4.473661538213491440e-03 6.798726972192525864e-03 3.346835437696427107e-04 4.921289510093629360e-04
5.300000000000000000e+04 4.209091421216726303e-03 8.948388509452342987e-03 1.940358342835679650e-04 8.974333177320659161e-04 4.209091421216726303e-03 8.948388509452342987e-03 1.940358342835679650e-04 8.974333177320659161e-04
5.400000000000000000e+04 4.983579274266958237e-03 6.173781119287014008e-03 1.645445445319637656e-04 4.208422324154525995e-04 4.983579274266958237e-03 6.173781119287014008e-03 1.645445445319637656e-04 4.208422324154525995e-04
5.500000000000000000e+04 3.736630082130432129e-03 9.068886749446392059e-03 2.690082765184342861e-04 1.434564474038779736e-03 3.736630082130432129e-03 9.068886749446392059e-03 2.690082765184342861e-04 1.434564474038779736e-03
5.600000000000000000e+04 3.939428832381963730e-03 7.499096915125846863e-03 2.243917697342112660e-04 7.760826847516000271e-04 3.939428832381963730e-03 7.499096915125846863e-03 2.243917697342112660e-04 7.760826847516000271e-04
5.700000000000000000e+04 3.919214941561222076e-03 7.379766087979078293e-03 2.047214948106557131e-04 2.020617946982383728e-03 3.919214941561222076e-03 7.379766087979078293e-03 2.047214948106557131e-04 2.020617946982383728e-03
5.800000000000000000e+04 6.723505910485982895e-03 1.176543068140745163e-02 4.801196919288486242e-04 7.094972534105181694e-04 6.723505910485982895e-03 1.176543068140745163e-02 4.801196919288486242e-04 7.094972534105181694e-04
5.900000000000000000e+04 4.304671660065650940e-03 4.469213075935840607e-03 1.959770452231168747e-04 1.563821686431765556e-03 4.304671660065650940e-03 4.469213075935840607e-03 1.959770452231168747e-04 1.563821686431765556e-03
6.000000000000000000e+04 4.652291070669889450e-03 9.442160837352275848e-03 2.539008273743093014e-04 9.681198862381279469e-04 4.652291070669889450e-03 9.442160837352275848e-03 2.539008273743093014e-04 9.681198862381279469e-04
6.000000000000000000e+04 4.652291070669889450e-03 9.442160837352275848e-03 2.539008273743093014e-04 9.681198862381279469e-04 4.652291070669889450e-03 9.442160837352275848e-03 2.539008273743093014e-04 9.681198862381279469e-04
6.100000000000000000e+04 2.683716360479593277e-03 3.095545573160052299e-03 1.856776361819356680e-04 3.355476364959031343e-04 2.683716360479593277e-03 3.095545573160052299e-03 1.856776361819356680e-04 3.355476364959031343e-04
6.200000000000000000e+04 2.627626061439514160e-03 3.049052320420742035e-03 1.854933216236531734e-04 3.462374661467038095e-05 2.627626061439514160e-03 3.049052320420742035e-03 1.854933216236531734e-04 3.462374661467038095e-05
6.300000000000000000e+04 2.615591743960976601e-03 2.957481890916824341e-03 1.903802040033042431e-04 1.946771371876820922e-04 2.615591743960976601e-03 2.957481890916824341e-03 1.903802040033042431e-04 1.946771371876820922e-04
6.400000000000000000e+04 2.481176517903804779e-03 3.011344932019710541e-03 1.997060753637924790e-04 7.868393004173412919e-05 2.481176517903804779e-03 3.011344932019710541e-03 1.997060753637924790e-04 7.868393004173412919e-05
6.500000000000000000e+04 2.516821259632706642e-03 3.052378538995981216e-03 1.994771009776741266e-04 2.114533854182809591e-04 2.516821259632706642e-03 3.052378538995981216e-03 1.994771009776741266e-04 2.114533854182809591e-04
6.600000000000000000e+04 2.406282117590308189e-03 2.978998702019453049e-03 1.887919788714498281e-04 3.056107379961758852e-04 2.406282117590308189e-03 2.978998702019453049e-03 1.887919788714498281e-04 3.056107379961758852e-04
6.700000000000000000e+04 2.583856927230954170e-03 2.829080447554588318e-03 1.865878584794700146e-04 2.301961794728413224e-04 2.583856927230954170e-03 2.829080447554588318e-03 1.865878584794700146e-04 2.301961794728413224e-04
6.800000000000000000e+04 2.491366816684603691e-03 2.951902337372303009e-03 1.801385515136644244e-04 1.471248688176274300e-04 2.491366816684603691e-03 2.951902337372303009e-03 1.801385515136644244e-04 1.471248688176274300e-04
6.900000000000000000e+04 2.344869775697588921e-03 2.869684947654604912e-03 1.882617798401042819e-04 1.795090793166309595e-04 2.344869775697588921e-03 2.869684947654604912e-03 1.882617798401042819e-04 1.795090793166309595e-04
7.000000000000000000e+04 2.497004577890038490e-03 2.839771099388599396e-03 1.969961595023050904e-04 9.210865391651168466e-05 2.497004577890038490e-03 2.839771099388599396e-03 1.969961595023050904e-04 9.210865391651168466e-05
7.100000000000000000e+04 2.444305224344134331e-03 2.976775169372558594e-03 1.987447176361456513e-04 1.506666303612291813e-04 2.444305224344134331e-03 2.976775169372558594e-03 1.987447176361456513e-04 1.506666303612291813e-04
7.200000000000000000e+04 2.369027351960539818e-03 2.766599645838141441e-03 1.914248859975486994e-04 8.274266292573884130e-05 2.369027351960539818e-03 2.766599645838141441e-03 1.914248859975486994e-04 8.274266292573884130e-05
7.300000000000000000e+04 2.282196655869483948e-03 2.869969233870506287e-03 1.907210971694439650e-04 1.292533997911959887e-04 2.282196655869483948e-03 2.869969233870506287e-03 1.907210971694439650e-04 1.292533997911959887e-04
7.400000000000000000e+04 2.514763735234737396e-03 2.777455607429146767e-03 1.878037728602066636e-04 1.190628026961348951e-04 2.514763735234737396e-03 2.777455607429146767e-03 1.878037728602066636e-04 1.190628026961348951e-04
7.500000000000000000e+04 2.392458729445934296e-03 2.874606754630804062e-03 1.883029763121157885e-04 6.417703116312623024e-05 2.392458729445934296e-03 2.874606754630804062e-03 1.883029763121157885e-04 6.417703116312623024e-05
7.600000000000000000e+04 2.258943626657128334e-03 2.767052967101335526e-03 1.932984305312857032e-04 4.288684795028530061e-05 2.258943626657128334e-03 2.767052967101335526e-03 1.932984305312857032e-04 4.288684795028530061e-05
7.700000000000000000e+04 2.244088333100080490e-03 2.718935254961252213e-03 1.853524445323273540e-04 2.680907782632857561e-04 2.244088333100080490e-03 2.718935254961252213e-03 1.853524445323273540e-04 2.680907782632857561e-04
7.800000000000000000e+04 2.295044017955660820e-03 2.721793949604034424e-03 1.817117881728336215e-04 8.477673691231757402e-05 2.295044017955660820e-03 2.721793949604034424e-03 1.817117881728336215e-04 8.477673691231757402e-05
7.900000000000000000e+04 2.335896482691168785e-03 2.776779001578688622e-03 1.892478903755545616e-04 1.889126579044386744e-04 2.335896482691168785e-03 2.776779001578688622e-03 1.892478903755545616e-04 1.889126579044386744e-04
8.000000000000000000e+04 2.280605025589466095e-03 2.760594710707664490e-03 1.804228813853114843e-04 1.101183806895278394e-04 2.280605025589466095e-03 2.760594710707664490e-03 1.804228813853114843e-04 1.101183806895278394e-04
8.100000000000000000e+04 2.401069970801472664e-03 2.814419101923704147e-03 1.715183025225996971e-04 2.838094660546630621e-04 2.401069970801472664e-03 2.814419101923704147e-03 1.715183025225996971e-04 2.838094660546630621e-04
8.200000000000000000e+04 2.240725792944431305e-03 2.695834962651133537e-03 1.779854937922209501e-04 1.240540150320157409e-04 2.240725792944431305e-03 2.695834962651133537e-03 1.779854937922209501e-04 1.240540150320157409e-04
8.300000000000000000e+04 2.242659917101264000e-03 2.736468100920319557e-03 1.794366398826241493e-04 1.111377569031901658e-04 2.242659917101264000e-03 2.736468100920319557e-03 1.794366398826241493e-04 1.111377569031901658e-04
8.400000000000000000e+04 2.273575169965624809e-03 2.691955305635929108e-03 1.805562060326337814e-04 1.108910437324084342e-04 2.273575169965624809e-03 2.691955305635929108e-03 1.805562060326337814e-04 1.108910437324084342e-04
8.500000000000000000e+04 2.128144027665257454e-03 2.670418005436658859e-03 1.760890154400840402e-04 4.904965753667056561e-04 2.128144027665257454e-03 2.670418005436658859e-03 1.760890154400840402e-04 4.904965753667056561e-04
8.600000000000000000e+04 2.329194685444235802e-03 2.704015001654624939e-03 1.835782459238544106e-04 1.602936245035380125e-04 2.329194685444235802e-03 2.704015001654624939e-03 1.835782459238544106e-04 1.602936245035380125e-04
8.700000000000000000e+04 2.296744845807552338e-03 2.671339549124240875e-03 1.798546727513894439e-04 4.193462882540188730e-05 2.296744845807552338e-03 2.671339549124240875e-03 1.798546727513894439e-04 4.193462882540188730e-05
8.800000000000000000e+04 2.178677124902606010e-03 2.689690794795751572e-03 1.736717531457543373e-04 8.181685552699491382e-05 2.178677124902606010e-03 2.689690794795751572e-03 1.736717531457543373e-04 8.181685552699491382e-05
8.900000000000000000e+04 2.229430247098207474e-03 2.733876230195164680e-03 1.726735645206645131e-04 5.628622602671384811e-05 2.229430247098207474e-03 2.733876230195164680e-03 1.726735645206645131e-04 5.628622602671384811e-05
9.000000000000000000e+04 2.181887859478592873e-03 2.727166749536991119e-03 1.781837781891226768e-04 2.407569991191849113e-04 2.181887859478592873e-03 2.727166749536991119e-03 1.781837781891226768e-04 2.407569991191849113e-04
9.000000000000000000e+04 2.181887859478592873e-03 2.727166749536991119e-03 1.781837781891226768e-04 2.407569991191849113e-04 2.181887859478592873e-03 2.727166749536991119e-03 1.781837781891226768e-04 2.407569991191849113e-04
9.100000000000000000e+04 2.134413225576281548e-03 2.629932714626193047e-03 1.709930511424317956e-04 1.660121779423207045e-05 2.134413225576281548e-03 2.629932714626193047e-03 1.709930511424317956e-04 1.660121779423207045e-05
9.200000000000000000e+04 2.126480918377637863e-03 2.629003720358014107e-03 1.702285517239943147e-04 1.990246164496056736e-05 2.126480918377637863e-03 2.629003720358014107e-03 1.702285517239943147e-04 1.990246164496056736e-05
9.300000000000000000e+04 2.115865005180239677e-03 2.638936275616288185e-03 1.681265275692567229e-04 2.431074244668707252e-05 2.115865005180239677e-03 2.638936275616288185e-03 1.681265275692567229e-04 2.431074244668707252e-05
9.400000000000000000e+04 2.114727161824703217e-03 2.634242642670869827e-03 1.674234372330829501e-04 2.268627576995640993e-05 2.114727161824703217e-03 2.634242642670869827e-03 1.674234372330829501e-04 2.268627576995640993e-05
9.500000000000000000e+04 2.113559981808066368e-03 2.627392765134572983e-03 1.680340501479804516e-04 3.547097367118112743e-05 2.113559981808066368e-03 2.627392765134572983e-03 1.680340501479804516e-04 3.547097367118112743e-05
9.600000000000000000e+04 2.118001459166407585e-03 2.638247795403003693e-03 1.683269656496122479e-04 5.061787305749021471e-05 2.118001459166407585e-03 2.638247795403003693e-03 1.683269656496122479e-04 5.061787305749021471e-05
9.700000000000000000e+04 2.112654736265540123e-03 2.641593804582953453e-03 1.715076214168220758e-04 2.002447445192956366e-06 2.112654736265540123e-03 2.641593804582953453e-03 1.715076214168220758e-04 2.002447445192956366e-06
9.800000000000000000e+04 2.100183628499507904e-03 2.633732510730624199e-03 1.766227505868300796e-04 1.461757165088783950e-05 2.100183628499507904e-03 2.633732510730624199e-03 1.766227505868300796e-04 1.461757165088783950e-05
9.900000000000000000e+04 2.089722780510783195e-03 2.643306972458958626e-03 1.689382334006950259e-04 1.993194382521323860e-05 2.089722780510783195e-03 2.643306972458958626e-03 1.689382334006950259e-04 1.993194382521323860e-05
1.000000000000000000e+05 2.095038304105401039e-03 2.637752098962664604e-03 1.749378716340288520e-04 9.601237252354621887e-06 2.095038304105401039e-03 2.637752098962664604e-03 1.749378716340288520e-04 9.601237252354621887e-06
1.010000000000000000e+05 2.097102580592036247e-03 2.648358698934316635e-03 1.755200646584853530e-04 3.931241371901705861e-05 2.097102580592036247e-03 2.648358698934316635e-03 1.755200646584853530e-04 3.931241371901705861e-05
1.020000000000000000e+05 2.103254664689302444e-03 2.621170366182923317e-03 1.758478465490043163e-04 1.143322151619940996e-05 2.103254664689302444e-03 2.621170366182923317e-03 1.758478465490043163e-04 1.143322151619940996e-05
1.030000000000000000e+05 2.088311361148953438e-03 2.640601946040987968e-03 1.729569048620760441e-04 7.861065569159109145e-06 2.088311361148953438e-03 2.640601946040987968e-03 1.729569048620760441e-04 7.861065569159109145e-06
1.040000000000000000e+05 2.096707001328468323e-03 2.621815539896488190e-03 1.752007956383749843e-04 1.525108928035479039e-05 2.096707001328468323e-03 2.621815539896488190e-03 1.752007956383749843e-04 1.525108928035479039e-05
1.050000000000000000e+05 2.090865513309836388e-03 2.616245998069643974e-03 1.728552015265449882e-04 2.340899118280503899e-05 2.090865513309836388e-03 2.616245998069643974e-03 1.728552015265449882e-04 2.340899118280503899e-05
1.060000000000000000e+05 2.097783843055367470e-03 2.616821089759469032e-03 1.711879158392548561e-04 3.127249510725960135e-05 2.097783843055367470e-03 2.616821089759469032e-03 1.711879158392548561e-04 3.127249510725960135e-05
1.070000000000000000e+05 2.101935213431715965e-03 2.619143575429916382e-03 1.744236360536888242e-04 8.189374057110399008e-06 2.101935213431715965e-03 2.619143575429916382e-03 1.744236360536888242e-04 8.189374057110399008e-06
1.080000000000000000e+05 2.085813321173191071e-03 2.621746622025966644e-03 1.680610585026443005e-04 3.298148658359423280e-05 2.085813321173191071e-03 2.621746622025966644e-03 1.680610585026443005e-04 3.298148658359423280e-05
1.090000000000000000e+05 2.089227316901087761e-03 2.595135709270834923e-03 1.686255855020135641e-04 1.196324883494526148e-04 2.089227316901087761e-03 2.595135709270834923e-03 1.686255855020135641e-04 1.196324883494526148e-04
1.100000000000000000e+05 2.081135055050253868e-03 2.616152167320251465e-03 1.691633369773626328e-04 6.332718476187437773e-05 2.081135055050253868e-03 2.616152167320251465e-03 1.691633369773626328e-04 6.332718476187437773e-05
1.110000000000000000e+05 2.088234992697834969e-03 2.631440293043851852e-03 1.731835800455883145e-04 1.058150792232481763e-05 2.088234992697834969e-03 2.631440293043851852e-03 1.731835800455883145e-04 1.058150792232481763e-05
1.120000000000000000e+05 2.078119432553648949e-03 2.625979250296950340e-03 1.703396264929324389e-04 5.187641727388836443e-05 2.078119432553648949e-03 2.625979250296950340e-03 1.703396264929324389e-04 5.187641727388836443e-05
1.130000000000000000e+05 2.087292727082967758e-03 2.619933104142546654e-03 1.722074521239846945e-04 5.272010457701981068e-05 2.087292727082967758e-03 2.619933104142546654e-03 1.722074521239846945e-04 5.272010457701981068e-05
1.140000000000000000e+05 2.088733483105897903e-03 2.633616095408797264e-03 1.700171414995566010e-04 2.239100103906821460e-05 2.088733483105897903e-03 2.633616095408797264e-03 1.700171414995566010e-04 2.239100103906821460e-05
1.150000000000000000e+05 2.092030830681324005e-03 2.627293812111020088e-03 1.675369130680337548e-04 5.470694668474607170e-05 2.092030830681324005e-03 2.627293812111020088e-03 1.675369130680337548e-04 5.470694668474607170e-05
1.160000000000000000e+05 2.084062201902270317e-03 2.607454080134630203e-03 1.651783531997352839e-04 5.404463445302098989e-05 2.084062201902270317e-03 2.607454080134630203e-03 1.651783531997352839e-04 5.404463445302098989e-05
1.170000000000000000e+05 2.076026052236557007e-03 2.617476740851998329e-03 1.639941037865355611e-04 6.510206731036305428e-05 2.076026052236557007e-03 2.617476740851998329e-03 1.639941037865355611e-04 6.510206731036305428e-05
1.180000000000000000e+05 2.089118352159857750e-03 2.605343703180551529e-03 1.658066903473809361e-04 3.746870788745582104e-05 2.089118352159857750e-03 2.605343703180551529e-03 1.658066903473809361e-04 3.746870788745582104e-05
1.190000000000000000e+05 2.065236447378993034e-03 2.631621435284614563e-03 1.661399583099409938e-04 1.022557989927008748e-05 2.065236447378993034e-03 2.631621435284614563e-03 1.661399583099409938e-04 1.022557989927008748e-05
1.200000000000000000e+05 2.058932324871420860e-03 2.610410796478390694e-03 1.688564225332811475e-04 7.937402551760897040e-05 2.058932324871420860e-03 2.610410796478390694e-03 1.688564225332811475e-04 7.937402551760897040e-05
1.200000000000000000e+05 2.058932324871420860e-03 2.610410796478390694e-03 1.688564225332811475e-04 7.937402551760897040e-05 2.058932324871420860e-03 2.610410796478390694e-03 1.688564225332811475e-04 7.937402551760897040e-05
1.201260000000000000e+05 2.054162090644240379e-03 2.603386761620640755e-03 1.684225280769169331e-04 3.041453965124674141e-05 2.054162090644240379e-03 2.603386761620640755e-03 1.684225280769169331e-04 3.041453965124674141e-05
