# step, loss_train, loss_test, metrics_test
0.000000000000000000e+00 1.581438064575195312e+01 4.858655929565429688e+01 0.000000000000000000e+00 4.216531291604042053e-02 1.581438064575195312e+01 4.858655929565429688e+01 0.000000000000000000e+00 4.216531291604042053e-02
1.000000000000000000e+03 4.753751158714294434e-01 4.113984584808349609e+00 2.757264766842126846e-03 6.270540505647659302e-02 4.753751158714294434e-01 4.113984584808349609e+00 2.757264766842126846e-03 6.270540505647659302e-02
2.000000000000000000e+03 3.823467791080474854e-01 2.468889474868774414e+00 2.234640996903181076e-03 3.926123678684234619e-02 3.823467791080474854e-01 2.468889474868774414e+00 2.234640996903181076e-03 3.926123678684234619e-02
3.000000000000000000e+03 4.511547088623046875e-01 2.263167142868041992e+00 1.530240988358855247e-03 3.552809730172157288e-02 4.511547088623046875e-01 2.263167142868041992e+00 1.530240988358855247e-03 3.552809730172157288e-02
4.000000000000000000e+03 2.345052510499954224e-01 2.045532226562500000e+00 1.703385612927377224e-03 2.844456210732460022e-02 2.345052510499954224e-01 2.045532226562500000e+00 1.703385612927377224e-03 2.844456210732460022e-02
5.000000000000000000e+03 3.941413760185241699e-01 1.936778903007507324e+00 1.196173601783812046e-03 2.606929652392864227e-02 3.941413760185241699e-01 1.936778903007507324e+00 1.196173601783812046e-03 2.606929652392864227e-02
6.000000000000000000e+03 2.770898342132568359e-01 2.250756263732910156e+00 8.761186036281287670e-04 1.892572268843650818e-02 2.770898342132568359e-01 2.250756263732910156e+00 8.761186036281287670e-04 1.892572268843650818e-02
7.000000000000000000e+03 3.311761021614074707e-01 1.744373321533203125e+00 9.921828750520944595e-04 2.023036405444145203e-02 3.311761021614074707e-01 1.744373321533203125e+00 9.921828750520944595e-04 2.023036405444145203e-02
8.000000000000000000e+03 4.369893372058868408e-01 1.518972158432006836e+00 6.829242920503020287e-04 1.616215892136096954e-02 4.369893372058868408e-01 1.518972158432006836e+00 6.829242920503020287e-04 1.616215892136096954e-02
9.000000000000000000e+03 2.118514627218246460e-01 1.603520512580871582e+00 7.557634962722659111e-04 1.517931930720806122e-02 2.118514627218246460e-01 1.603520512580871582e+00 7.557634962722659111e-04 1.517931930720806122e-02
1.000000000000000000e+04 1.454010754823684692e-01 1.528644204139709473e+00 5.859530065208673477e-04 1.461267471313476562e-02 1.454010754823684692e-01 1.528644204139709473e+00 5.859530065208673477e-04 1.461267471313476562e-02
1.100000000000000000e+04 1.668815016746520996e-01 1.501672387123107910e+00 4.815439169760793447e-04 1.208072341978549957e-02 1.668815016746520996e-01 1.501672387123107910e+00 4.815439169760793447e-04 1.208072341978549957e-02
1.200000000000000000e+04 3.204030990600585938e-01 1.399076700210571289e+00 3.322487173136323690e-04 1.203249767422676086e-02 3.204030990600585938e-01 1.399076700210571289e+00 3.322487173136323690e-04 1.203249767422676086e-02
1.300000000000000000e+04 2.862280011177062988e-01 1.436477899551391602e+00 8.419677033089101315e-04 1.113950926810503006e-02 2.862280011177062988e-01 1.436477899551391602e+00 8.419677033089101315e-04 1.113950926810503006e-02
1.400000000000000000e+04 3.210922777652740479e-01 1.305979251861572266e+00 2.605200279504060745e-04 1.184020191431045532e-02 3.210922777652740479e-01 1.305979251861572266e+00 2.605200279504060745e-04 1.184020191431045532e-02
1.500000000000000000e+04 1.972361505031585693e-01 1.087810635566711426e+00 2.977105905301868916e-04 9.826514869928359985e-03 1.972361505031585693e-01 1.087810635566711426e+00 2.977105905301868916e-04 9.826514869928359985e-03
1.600000000000000000e+04 3.847379088401794434e-01 1.341485023498535156e+00 5.478705861605703831e-04 7.721449248492717743e-03 3.847379088401794434e-01 1.341485023498535156e+00 5.478705861605703831e-04 7.721449248492717743e-03
1.700000000000000000e+04 1.723543107509613037e-01 8.985250592231750488e-01 2.713879803195595741e-04 9.835679084062576294e-03 1.723543107509613037e-01 8.985250592231750488e-01 2.713879803195595741e-04 9.835679084062576294e-03
1.800000000000000000e+04 3.016424477100372314e-01 1.117371916770935059e+00 2.673079725354909897e-04 9.402866475284099579e-03 3.016424477100372314e-01 1.117371916770935059e+00 2.673079725354909897e-04 9.402866475284099579e-03
1.900000000000000000e+04 3.639040589332580566e-01 9.634164571762084961e-01 3.418705018702894449e-04 9.551133960485458374e-03 3.639040589332580566e-01 9.634164571762084961e-01 3.418705018702894449e-04 9.551133960485458374e-03
2.000000000000000000e+04 2.320543825626373291e-01 9.219551682472229004e-01 3.466042689979076385e-04 9.365434758365154266e-03 2.320543825626373291e-01 9.219551682472229004e-01 3.466042689979076385e-04 9.365434758365154266e-03
2.100000000000000000e+04 1.518987268209457397e-01 8.840318322181701660e-01 3.226449189241975546e-04 9.228223003447055817e-03 1.518987268209457397e-01 8.840318322181701660e-01 3.226449189241975546e-04 9.228223003447055817e-03
2.200000000000000000e+04 2.102218866348266602e-01 8.519716858863830566e-01 3.088293888140469790e-04 8.944906294345855713e-03 2.102218866348266602e-01 8.519716858863830566e-01 3.088293888140469790e-04 8.944906294345855713e-03
2.300000000000000000e+04 4.346184730529785156e-01 1.268831253051757812e+00 5.780655774287879467e-04 8.790946565568447113e-03 4.346184730529785156e-01 1.268831253051757812e+00 5.780655774287879467e-04 8.790946565568447113e-03
2.400000000000000000e+04 2.119841873645782471e-01 7.504397034645080566e-01 3.406866744626313448e-04 8.536217734217643738e-03 2.119841873645782471e-01 7.504397034645080566e-01 3.406866744626313448e-04 8.536217734217643738e-03
2.500000000000000000e+04 1.455915123224258423e-01 9.808866381645202637e-01 4.025797825306653976e-04 9.044244885444641113e-03 1.455915123224258423e-01 9.808866381645202637e-01 4.025797825306653976e-04 9.044244885444641113e-03
2.600000000000000000e+04 1.659073531627655029e-01 8.143871426582336426e-01 3.580977790988981724e-04 9.370000101625919342e-03 1.659073531627655029e-01 8.143871426582336426e-01 3.580977790988981724e-04 9.370000101625919342e-03
2.700000000000000000e+04 2.311856299638748169e-01 7.308126688003540039e-01 3.061635943595319986e-04 9.848349727690219879e-03 2.311856299638748169e-01 7.308126688003540039e-01 3.061635943595319986e-04 9.848349727690219879e-03
2.800000000000000000e+04 1.916657537221908569e-01 6.399198174476623535e-01 3.148445102851837873e-04 8.833947591483592987e-03 1.916657537221908569e-01 6.399198174476623535e-01 3.148445102851837873e-04 8.833947591483592987e-03
2.900000000000000000e+04 2.350626885890960693e-01 6.259307861328125000e-01 3.147843526676297188e-04 9.751857258379459381e-03 2.350626885890960693e-01 6.259307861328125000e-01 3.147843526676297188e-04 9.751857258379459381e-03
3.000000000000000000e+04 2.159203737974166870e-01 6.747242212295532227e-01 2.823610266204923391e-04 9.201047942042350769e-03 2.159203737974166870e-01 6.747242212295532227e-01 2.823610266204923391e-04 9.201047942042350769e-03
3.100000000000000000e+04 2.758474647998809814e-01 6.023538708686828613e-01 3.209544811397790909e-04 9.264624677598476410e-03 2.758474647998809814e-01 6.023538708686828613e-01 3.209544811397790909e-04 9.264624677598476410e-03
3.200000000000000000e+04 2.433414012193679810e-01 6.123751997947692871e-01 3.141015768051147461e-04 9.048405103385448456e-03 2.433414012193679810e-01 6.123751997947692871e-01 3.141015768051147461e-04 9.048405103385448456e-03
3.300000000000000000e+04 3.374162316322326660e-01 7.644901871681213379e-01 3.262819955125451088e-04 8.701233193278312683e-03 3.374162316322326660e-01 7.644901871681213379e-01 3.262819955125451088e-04 8.701233193278312683e-03
3.400000000000000000e+04 2.316585928201675415e-01 4.786787629127502441e-01 3.252755268476903439e-04 8.423505350947380066e-03 2.316585928201675415e-01 4.786787629127502441e-01 3.252755268476903439e-04 8.423505350947380066e-03
3.500000000000000000e+04 3.425722718238830566e-01 5.273192524909973145e-01 3.076692228205502033e-04 9.676405228674411774e-03 3.425722718238830566e-01 5.273192524909973145e-01 3.076692228205502033e-04 9.676405228674411774e-03
3.600000000000000000e+04 2.476844340562820435e-01 5.740179419517517090e-01 4.476311441976577044e-04 8.778759278357028961e-03 2.476844340562820435e-01 5.740179419517517090e-01 4.476311441976577044e-04 8.778759278357028961e-03
3.700000000000000000e+04 2.238720506429672241e-01 4.964223504066467285e-01 2.992388326674699783e-04 8.891955018043518066e-03 2.238720506429672241e-01 4.964223504066467285e-01 2.992388326674699783e-04 8.891955018043518066e-03
3.800000000000000000e+04 2.064764648675918579e-01 7.976040840148925781e-01 2.852683537639677525e-04 7.486123591661453247e-03 2.064764648675918579e-01 7.976040840148925781e-01 2.852683537639677525e-04 7.486123591661453247e-03
3.900000000000000000e+04 2.079527378082275391e-01 4.804453551769256592e-01 3.324308490846306086e-04 7.981922477483749390e-03 2.079527378082275391e-01 4.804453551769256592e-01 3.324308490846306086e-04 7.981922477483749390e-03
4.000000000000000000e+04 2.888084352016448975e-01 5.757954120635986328e-01 3.628804697655141354e-04 8.635777048766613007e-03 2.888084352016448975e-01 5.757954120635986328e-01 3.628804697655141354e-04 8.635777048766613007e-03
4.100000000000000000e+04 1.653032600879669189e-01 4.580981731414794922e-01 3.119648317806422710e-04 8.751812390983104706e-03 1.653032600879669189e-01 4.580981731414794922e-01 3.119648317806422710e-04 8.751812390983104706e-03
4.200000000000000000e+04 3.301714658737182617e-01 4.186818599700927734e-01 3.231699811294674873e-04 8.553400635719299316e-03 3.301714658737182617e-01 4.186818599700927734e-01 3.231699811294674873e-04 8.553400635719299316e-03
4.300000000000000000e+04 1.893290281295776367e-01 5.009279251098632812e-01 3.049791557714343071e-04 8.111173287034034729e-03 1.893290281295776367e-01 5.009279251098632812e-01 3.049791557714343071e-04 8.111173287034034729e-03
4.400000000000000000e+04 1.162155345082283020e-01 5.025008916854858398e-01 3.043655015062540770e-04 7.647152058780193329e-03 1.162155345082283020e-01 5.025008916854858398e-01 3.043655015062540770e-04 7.647152058780193329e-03
4.500000000000000000e+04 2.632220983505249023e-01 5.006487965583801270e-01 3.273406182415783405e-04 8.362410590052604675e-03 2.632220983505249023e-01 5.006487965583801270e-01 3.273406182415783405e-04 8.362410590052604675e-03
4.600000000000000000e+04 1.649542301893234253e-01 5.852200388908386230e-01 3.403956070542335510e-04 7.968136109411716461e-03 1.649542301893234253e-01 5.852200388908386230e-01 3.403956070542335510e-04 7.968136109411716461e-03
4.700000000000000000e+04 1.090175211429595947e-01 3.891446888446807861e-01 2.963913429994136095e-04 7.815222255885601044e-03 1.090175211429595947e-01 3.891446888446807861e-01 2.963913429994136095e-04 7.815222255885601044e-03
4.800000000000000000e+04 2.461069226264953613e-01 6.912641525268554688e-01 3.374830703251063824e-04 8.323277346789836884e-03 2.461069226264953613e-01 6.912641525268554688e-01 3.374830703251063824e-04 8.323277346789836884e-03
4.900000000000000000e+04 2.146442085504531860e-01 4.867698848247528076e-01 3.934796841349452734e-04 8.429002948105335236e-03 2.146442085504531860e-01 4.867698848247528076e-01 3.934796841349452734e-04 8.429002948105335236e-03
5.000000000000000000e+04 1.728439033031463623e-01 5.136652588844299316e-01 4.076101176906377077e-04 8.114582858979701996e-03 1.728439033031463623e-01 5.136652588844299316e-01 4.076101176906377077e-04 8.114582858979701996e-03
5.100000000000000000e+04 2.284440249204635620e-01 5.542545318603515625e-01 3.577778115868568420e-04 8.157796226441860199e-03 2.284440249204635620e-01 5.542545318603515625e-01 3.577778115868568420e-04 8.157796226441860199e-03
5.200000000000000000e+04 2.460514307022094727e-01 4.270860552787780762e-01 3.126383817289024591e-04 8.183858357369899750e-03 2.460514307022094727e-01 4.270860552787780762e-01 3.126383817289024591e-04 8.183858357369899750e-03
5.300000000000000000e+04 2.014458179473876953e-01 2.695118188858032227e-01 2.799849899020045996e-04 7.962753064930438995e-03 2.014458179473876953e-01 2.695118188858032227e-01 2.799849899020045996e-04 7.962753064930438995e-03
5.400000000000000000e+04 2.375100702047348022e-01 3.675941824913024902e-01 3.307430306449532509e-04 8.028096519410610199e-03 2.375100702047348022e-01 3.675941824913024902e-01 3.307430306449532509e-04 8.028096519410610199e-03
5.500000000000000000e+04 3.177730739116668701e-01 4.604376554489135742e-01 3.289793094154447317e-04 7.889384403824806213e-03 3.177730739116668701e-01 4.604376554489135742e-01 3.289793094154447317e-04 7.889384403824806213e-03
5.600000000000000000e+04 1.228317171335220337e-01 2.098554819822311401e-01 3.644476237241178751e-04 8.239206857979297638e-03 1.228317171335220337e-01 2.098554819822311401e-01 3.644476237241178751e-04 8.239206857979297638e-03
5.700000000000000000e+04 1.440291106700897217e-01 3.133295476436614990e-01 3.057329740840941668e-04 8.133444935083389282e-03 1.440291106700897217e-01 3.133295476436614990e-01 3.057329740840941668e-04 8.133444935083389282e-03
5.800000000000000000e+04 1.745683848857879639e-01 3.362211287021636963e-01 3.043166652787476778e-04 8.372896350920200348e-03 1.745683848857879639e-01 3.362211287021636963e-01 3.043166652787476778e-04 8.372896350920200348e-03
5.900000000000000000e+04 1.691505461931228638e-01 2.895039916038513184e-01 2.995148824993520975e-04 8.450449444353580475e-03 1.691505461931228638e-01 2.895039916038513184e-01 2.995148824993520975e-04 8.450449444353580475e-03
6.000000000000000000e+04 2.735129594802856445e-01 3.708922564983367920e-01 3.605834499467164278e-04 7.598187774419784546e-03 2.735129594802856445e-01 3.708922564983367920e-01 3.605834499467164278e-04 7.598187774419784546e-03
6.100000000000000000e+04 1.750071197748184204e-01 4.295702874660491943e-01 3.265187551733106375e-04 8.316690102219581604e-03 1.750071197748184204e-01 4.295702874660491943e-01 3.265187551733106375e-04 8.316690102219581604e-03
6.200000000000000000e+04 1.551584005355834961e-01 5.444834232330322266e-01 2.901973493862897158e-04 7.911479100584983826e-03 1.551584005355834961e-01 5.444834232330322266e-01 2.901973493862897158e-04 7.911479100584983826e-03
6.300000000000000000e+04 1.624147444963455200e-01 4.419144988059997559e-01 4.369313828647136688e-04 8.050857111811637878e-03 1.624147444963455200e-01 4.419144988059997559e-01 4.369313828647136688e-04 8.050857111811637878e-03
6.400000000000000000e+04 2.280966639518737793e-01 2.560854256153106689e-01 2.842314715962857008e-04 7.803214248269796371e-03 2.280966639518737793e-01 2.560854256153106689e-01 2.842314715962857008e-04 7.803214248269796371e-03
6.500000000000000000e+04 1.888639479875564575e-01 1.852890849113464355e-01 3.186930844094604254e-04 8.344137109816074371e-03 1.888639479875564575e-01 1.852890849113464355e-01 3.186930844094604254e-04 8.344137109816074371e-03
6.600000000000000000e+04 1.774795353412628174e-01 1.739844381809234619e-01 3.145145310554653406e-04 7.240762468427419662e-03 1.774795353412628174e-01 1.739844381809234619e-01 3.145145310554653406e-04 7.240762468427419662e-03
6.700000000000000000e+04 2.578580379486083984e-01 3.286671638488769531e-01 2.712018322199583054e-04 7.863169535994529724e-03 2.578580379486083984e-01 3.286671638488769531e-01 2.712018322199583054e-04 7.863169535994529724e-03
6.800000000000000000e+04 1.457645744085311890e-01 2.275096029043197632e-01 3.689263539854437113e-04 8.572283200919628143e-03 1.457645744085311890e-01 2.275096029043197632e-01 3.689263539854437113e-04 8.572283200919628143e-03
6.900000000000000000e+04 2.089882493019104004e-01 3.817030191421508789e-01 3.010170476045459509e-04 7.573878858238458633e-03 2.089882493019104004e-01 3.817030191421508789e-01 3.010170476045459509e-04 7.573878858238458633e-03
7.000000000000000000e+04 2.066059708595275879e-01 4.110889434814453125e-01 2.745362871792167425e-04 7.459661457687616348e-03 2.066059708595275879e-01 4.110889434814453125e-01 2.745362871792167425e-04 7.459661457687616348e-03
7.100000000000000000e+04 2.628771066665649414e-01 2.204994708299636841e-01 2.972557558678090572e-04 8.580312132835388184e-03 2.628771066665649414e-01 2.204994708299636841e-01 2.972557558678090572e-04 8.580312132835388184e-03
7.200000000000000000e+04 2.539035677909851074e-01 2.457614392042160034e-01 3.130595141556113958e-04 8.537767454981803894e-03 2.539035677909851074e-01 2.457614392042160034e-01 3.130595141556113958e-04 8.537767454981803894e-03
7.300000000000000000e+04 1.692501902580261230e-01 2.376474440097808838e-01 3.019507275894284248e-04 8.961757645010948181e-03 1.692501902580261230e-01 2.376474440097808838e-01 3.019507275894284248e-04 8.961757645010948181e-03
7.400000000000000000e+04 1.125027686357498169e-01 1.340391486883163452e-01 2.849548473022878170e-04 8.347165770828723907e-03 1.125027686357498169e-01 1.340391486883163452e-01 2.849548473022878170e-04 8.347165770828723907e-03
7.500000000000000000e+04 1.357272714376449585e-01 1.397545039653778076e-01 2.868720039259642363e-04 8.069489151239395142e-03 1.357272714376449585e-01 1.397545039653778076e-01 2.868720039259642363e-04 8.069489151239395142e-03
7.600000000000000000e+04 1.533176451921463013e-01 2.239715903997421265e-01 2.884593850467354059e-04 7.916809059679508209e-03 1.533176451921463013e-01 2.239715903997421265e-01 2.884593850467354059e-04 7.916809059679508209e-03
7.700000000000000000e+04 1.211883127689361572e-01 2.059890925884246826e-01 3.602892393246293068e-04 8.345601148903369904e-03 1.211883127689361572e-01 2.059890925884246826e-01 3.602892393246293068e-04 8.345601148903369904e-03
7.800000000000000000e+04 2.118922472000122070e-01 5.341127514839172363e-01 2.883440756704658270e-04 7.949303835630416870e-03 2.118922472000122070e-01 5.341127514839172363e-01 2.883440756704658270e-04 7.949303835630416870e-03
7.900000000000000000e+04 1.344562172889709473e-01 5.140147209167480469e-01 2.721571945585310459e-04 7.368007209151983261e-03 1.344562172889709473e-01 5.140147209167480469e-01 2.721571945585310459e-04 7.368007209151983261e-03
8.000000000000000000e+04 1.694007366895675659e-01 1.955804675817489624e-01 2.887478331103920937e-04 8.222751319408416748e-03 1.694007366895675659e-01 1.955804675817489624e-01 2.887478331103920937e-04 8.222751319408416748e-03
8.100000000000000000e+04 1.908969879150390625e-01 2.215919941663742065e-01 3.858094860333949327e-04 8.131973445415496826e-03 1.908969879150390625e-01 2.215919941663742065e-01 3.858094860333949327e-04 8.131973445415496826e-03
8.200000000000000000e+04 1.559261828660964966e-01 1.879830211400985718e-01 2.953346702270209789e-04 8.242927491664886475e-03 1.559261828660964966e-01 1.879830211400985718e-01 2.953346702270209789e-04 8.242927491664886475e-03
8.300000000000000000e+04 1.065671294927597046e-01 4.340404868125915527e-01 3.201528743375092745e-04 7.594724185764789581e-03 1.065671294927597046e-01 4.340404868125915527e-01 3.201528743375092745e-04 7.594724185764789581e-03
8.400000000000000000e+04 1.088954210281372070e-01 3.562539517879486084e-01 2.815854095388203859e-04 8.600071072578430176e-03 1.088954210281372070e-01 3.562539517879486084e-01 2.815854095388203859e-04 8.600071072578430176e-03
8.500000000000000000e+04 1.305229365825653076e-01 4.535812735557556152e-01 3.141310589853674173e-04 8.022015914320945740e-03 1.305229365825653076e-01 4.535812735557556152e-01 3.141310589853674173e-04 8.022015914320945740e-03
8.600000000000000000e+04 2.214617431163787842e-01 3.532139062881469727e-01 2.937306708190590143e-04 9.155259467661380768e-03 2.214617431163787842e-01 3.532139062881469727e-01 2.937306708190590143e-04 9.155259467661380768e-03
8.700000000000000000e+04 1.127478480339050293e-01 3.842760622501373291e-01 2.880180836655199528e-04 7.277842145413160324e-03 1.127478480339050293e-01 3.842760622501373291e-01 2.880180836655199528e-04 7.277842145413160324e-03
8.800000000000000000e+04 8.649758249521255493e-02 1.162999272346496582e-01 2.576840633992105722e-04 8.464334532618522644e-03 8.649758249521255493e-02 1.162999272346496582e-01 2.576840633992105722e-04 8.464334532618522644e-03
8.900000000000000000e+04 1.481001079082489014e-01 1.532469689846038818e-01 3.436907427385449409e-04 8.482862263917922974e-03 1.481001079082489014e-01 1.532469689846038818e-01 3.436907427385449409e-04 8.482862263917922974e-03
9.000000000000000000e+04 1.407821625471115112e-01 4.645337462425231934e-01 5.492708296515047550e-04 8.581644855439662933e-03 1.407821625471115112e-01 4.645337462425231934e-01 5.492708296515047550e-04 8.581644855439662933e-03
9.100000000000000000e+04 2.061590254306793213e-01 2.413616180419921875e-01 3.180972998961806297e-04 7.562368176877498627e-03 2.061590254306793213e-01 2.413616180419921875e-01 3.180972998961806297e-04 7.562368176877498627e-03
9.200000000000000000e+04 2.165654450654983521e-01 4.865883588790893555e-01 2.692965790629386902e-04 7.900201715528964996e-03 2.165654450654983521e-01 4.865883588790893555e-01 2.692965790629386902e-04 7.900201715528964996e-03
9.300000000000000000e+04 2.256601303815841675e-01 2.441174387931823730e-01 3.032134845852851868e-04 8.054822683334350586e-03 2.256601303815841675e-01 2.441174387931823730e-01 3.032134845852851868e-04 8.054822683334350586e-03
9.400000000000000000e+04 1.387419253587722778e-01 1.612914800643920898e-01 2.889122115448117256e-04 7.844990119338035583e-03 1.387419253587722778e-01 1.612914800643920898e-01 2.889122115448117256e-04 7.844990119338035583e-03
9.500000000000000000e+04 9.797755628824234009e-02 3.695863485336303711e-01 2.986075123772025108e-04 8.689837530255317688e-03 9.797755628824234009e-02 3.695863485336303711e-01 2.986075123772025108e-04 8.689837530255317688e-03
9.600000000000000000e+04 1.718405634164810181e-01 3.907894790172576904e-01 4.580168751999735832e-04 7.966739125549793243e-03 1.718405634164810181e-01 3.907894790172576904e-01 4.580168751999735832e-04 7.966739125549793243e-03
9.700000000000000000e+04 8.214432746171951294e-02 1.386310309171676636e-01 3.074653213843703270e-04 7.809607777744531631e-03 8.214432746171951294e-02 1.386310309171676636e-01 3.074653213843703270e-04 7.809607777744531631e-03
9.800000000000000000e+04 2.430398166179656982e-01 4.274242520332336426e-01 3.736740618478506804e-04 7.782300002872943878e-03 2.430398166179656982e-01 4.274242520332336426e-01 3.736740618478506804e-04 7.782300002872943878e-03
9.900000000000000000e+04 9.747441112995147705e-02 2.106325030326843262e-01 2.823502873070538044e-04 7.939772680401802063e-03 9.747441112995147705e-02 2.106325030326843262e-01 2.823502873070538044e-04 7.939772680401802063e-03
1.000000000000000000e+05 1.462690681219100952e-01 1.844902336597442627e-01 2.974066592287272215e-04 7.713107857853174210e-03 1.462690681219100952e-01 1.844902336597442627e-01 2.974066592287272215e-04 7.713107857853174210e-03
1.000000000000000000e+05 1.462690681219100952e-01 1.844902336597442627e-01 2.974066592287272215e-04 7.713107857853174210e-03 1.462690681219100952e-01 1.844902336597442627e-01 2.974066592287272215e-04 7.713107857853174210e-03
1.010000000000000000e+05 3.257133811712265015e-02 5.221421644091606140e-02 2.724730875343084335e-04 8.225759491324424744e-03 3.257133811712265015e-02 5.221421644091606140e-02 2.724730875343084335e-04 8.225759491324424744e-03
1.020000000000000000e+05 2.391641773283481598e-02 3.115034662187099457e-02 2.715231676120311022e-04 8.209954015910625458e-03 2.391641773283481598e-02 3.115034662187099457e-02 2.715231676120311022e-04 8.209954015910625458e-03
1.030000000000000000e+05 2.494572103023529053e-02 5.269163101911544800e-02 2.680091129150241613e-04 8.225698024034500122e-03 2.494572103023529053e-02 5.269163101911544800e-02 2.680091129150241613e-04 8.225698024034500122e-03
1.040000000000000000e+05 2.183427102863788605e-02 3.058217093348503113e-02 2.751059073489159346e-04 8.201247081160545349e-03 2.183427102863788605e-02 3.058217093348503113e-02 2.751059073489159346e-04 8.201247081160545349e-03
1.050000000000000000e+05 2.663606405258178711e-02 4.012858122587203979e-02 2.748769475147128105e-04 8.205249905586242676e-03 2.663606405258178711e-02 4.012858122587203979e-02 2.748769475147128105e-04 8.205249905586242676e-03
1.060000000000000000e+05 1.904596202075481415e-02 4.090309143066406250e-02 2.733411092776805162e-04 8.156385272741317749e-03 1.904596202075481415e-02 4.090309143066406250e-02 2.733411092776805162e-04 8.156385272741317749e-03
1.070000000000000000e+05 2.712482772767543793e-02 3.827787190675735474e-02 2.779995265882462263e-04 8.169827051460742950e-03 2.712482772767543793e-02 3.827787190675735474e-02 2.779995265882462263e-04 8.169827051460742950e-03
1.080000000000000000e+05 2.949201501905918121e-02 4.368788748979568481e-02 2.713069261517375708e-04 8.120524697005748749e-03 2.949201501905918121e-02 4.368788748979568481e-02 2.713069261517375708e-04 8.120524697005748749e-03
1.090000000000000000e+05 2.033225260674953461e-02 3.372168913483619690e-02 2.745853562373667955e-04 8.167869411408901215e-03 2.033225260674953461e-02 3.372168913483619690e-02 2.745853562373667955e-04 8.167869411408901215e-03
1.100000000000000000e+05 2.528856694698333740e-02 4.522484168410301208e-02 2.697199233807623386e-04 8.107747882604598999e-03 2.528856694698333740e-02 4.522484168410301208e-02 2.697199233807623386e-04 8.107747882604598999e-03
1.110000000000000000e+05 2.417918294668197632e-02 5.377617850899696350e-02 2.677412412595003843e-04 8.151696994900703430e-03 2.417918294668197632e-02 5.377617850899696350e-02 2.677412412595003843e-04 8.151696994900703430e-03
1.120000000000000000e+05 1.966301724314689636e-02 3.537088260054588318e-02 2.747134421952068806e-04 8.104980923235416412e-03 1.966301724314689636e-02 3.537088260054588318e-02 2.747134421952068806e-04 8.104980923235416412e-03
1.130000000000000000e+05 2.021321840584278107e-02 6.232120469212532043e-02 2.698349417187273502e-04 8.063182234764099121e-03 2.021321840584278107e-02 6.232120469212532043e-02 2.698349417187273502e-04 8.063182234764099121e-03
1.140000000000000000e+05 2.056157030165195465e-02 3.688480332493782043e-02 2.687473315745592117e-04 8.102903142571449280e-03 2.056157030165195465e-02 3.688480332493782043e-02 2.687473315745592117e-04 8.102903142571449280e-03
1.150000000000000000e+05 1.914762333035469055e-02 4.900356382131576538e-02 2.689664252102375031e-04 8.092179894447326660e-03 1.914762333035469055e-02 4.900356382131576538e-02 2.689664252102375031e-04 8.092179894447326660e-03
1.160000000000000000e+05 1.611708290874958038e-02 2.573907561600208282e-02 2.704533981159329414e-04 8.056319318711757660e-03 1.611708290874958038e-02 2.573907561600208282e-02 2.704533981159329414e-04 8.056319318711757660e-03
1.170000000000000000e+05 1.731569506227970123e-02 2.998959831893444061e-02 2.736132300924509764e-04 8.086233399808406830e-03 1.731569506227970123e-02 2.998959831893444061e-02 2.736132300924509764e-04 8.086233399808406830e-03
1.180000000000000000e+05 2.626858837902545929e-02 3.249883279204368591e-02 2.713306166697293520e-04 8.086704649031162262e-03 2.626858837902545929e-02 3.249883279204368591e-02 2.713306166697293520e-04 8.086704649031162262e-03
1.190000000000000000e+05 2.163635194301605225e-02 3.425031900405883789e-02 2.716027083806693554e-04 8.048338815569877625e-03 2.163635194301605225e-02 3.425031900405883789e-02 2.716027083806693554e-04 8.048338815569877625e-03
1.200000000000000000e+05 1.812718249857425690e-02 2.069845795631408691e-02 2.701352350413799286e-04 8.037334308028221130e-03 1.812718249857425690e-02 2.069845795631408691e-02 2.701352350413799286e-04 8.037334308028221130e-03
1.210000000000000000e+05 2.531795762479305267e-02 3.334830701351165771e-02 2.723282086662948132e-04 7.980583235621452332e-03 2.531795762479305267e-02 3.334830701351165771e-02 2.723282086662948132e-04 7.980583235621452332e-03
1.220000000000000000e+05 3.134518489241600037e-02 2.832284010946750641e-02 2.719625190366059542e-04 7.980372756719589233e-03 3.134518489241600037e-02 2.832284010946750641e-02 2.719625190366059542e-04 7.980372756719589233e-03
1.230000000000000000e+05 1.443390548229217529e-02 2.136141993105411530e-02 2.697900927159935236e-04 7.991777732968330383e-03 1.443390548229217529e-02 2.136141993105411530e-02 2.697900927159935236e-04 7.991777732968330383e-03
1.240000000000000000e+05 1.403554901480674744e-02 2.971090190112590790e-02 2.677887096069753170e-04 7.975363172590732574e-03 1.403554901480674744e-02 2.971090190112590790e-02 2.677887096069753170e-04 7.975363172590732574e-03
1.250000000000000000e+05 2.095018699765205383e-02 3.111116960644721985e-02 2.734694862738251686e-04 7.970127277076244354e-03 2.095018699765205383e-02 3.111116960644721985e-02 2.734694862738251686e-04 7.970127277076244354e-03
1.260000000000000000e+05 2.023931778967380524e-02 3.950213640928268433e-02 2.710690605454146862e-04 7.959459908306598663e-03 2.023931778967380524e-02 3.950213640928268433e-02 2.710690605454146862e-04 7.959459908306598663e-03
1.270000000000000000e+05 1.285168528556823730e-02 3.559375554323196411e-02 2.704101207200437784e-04 7.975787855684757233e-03 1.285168528556823730e-02 3.559375554323196411e-02 2.704101207200437784e-04 7.975787855684757233e-03
1.280000000000000000e+05 1.867537386715412140e-02 3.014587983489036560e-02 2.713134745135903358e-04 7.925402373075485229e-03 1.867537386715412140e-02 3.014587983489036560e-02 2.713134745135903358e-04 7.925402373075485229e-03
1.290000000000000000e+05 2.486275136470794678e-02 3.795865550637245178e-02 2.675417927093803883e-04 7.893366739153862000e-03 2.486275136470794678e-02 3.795865550637245178e-02 2.675417927093803883e-04 7.893366739153862000e-03
1.300000000000000000e+05 1.803866028785705566e-02 2.802320756018161774e-02 2.689181128516793251e-04 7.921358570456504822e-03 1.803866028785705566e-02 2.802320756018161774e-02 2.689181128516793251e-04 7.921358570456504822e-03
1.310000000000000000e+05 1.775148697197437286e-02 3.665474429726600647e-02 2.696873852983117104e-04 7.930174469947814941e-03 1.775148697197437286e-02 3.665474429726600647e-02 2.696873852983117104e-04 7.930174469947814941e-03
1.320000000000000000e+05 1.965902559459209442e-02 4.012980312108993530e-02 2.691049885470420122e-04 7.919299416244029999e-03 1.965902559459209442e-02 4.012980312108993530e-02 2.691049885470420122e-04 7.919299416244029999e-03
1.330000000000000000e+05 3.068005479872226715e-02 5.090149492025375366e-02 2.694414288271218538e-04 7.922653108835220337e-03 3.068005479872226715e-02 5.090149492025375366e-02 2.694414288271218538e-04 7.922653108835220337e-03
1.340000000000000000e+05 1.955050230026245117e-02 4.728199541568756104e-02 2.688638342078775167e-04 7.867663167417049408e-03 1.955050230026245117e-02 4.728199541568756104e-02 2.688638342078775167e-04 7.867663167417049408e-03
1.350000000000000000e+05 1.611722260713577271e-02 2.724692039191722870e-02 2.696729497984051704e-04 7.912725210189819336e-03 1.611722260713577271e-02 2.724692039191722870e-02 2.696729497984051704e-04 7.912725210189819336e-03
1.360000000000000000e+05 1.161627005785703659e-02 2.103847637772560120e-02 2.708725223783403635e-04 7.928735576570034027e-03 1.161627005785703659e-02 2.103847637772560120e-02 2.708725223783403635e-04 7.928735576570034027e-03
1.370000000000000000e+05 1.664167270064353943e-02 4.913884401321411133e-02 2.711270353756844997e-04 7.915003225207328796e-03 1.664167270064353943e-02 4.913884401321411133e-02 2.711270353756844997e-04 7.915003225207328796e-03
1.380000000000000000e+05 2.046931348741054535e-02 3.235303610563278198e-02 2.661555190570652485e-04 7.875514216721057892e-03 2.046931348741054535e-02 3.235303610563278198e-02 2.661555190570652485e-04 7.875514216721057892e-03
1.390000000000000000e+05 1.722911931574344635e-02 4.802480712532997131e-02 2.672944392543286085e-04 7.879079319536685944e-03 1.722911931574344635e-02 4.802480712532997131e-02 2.672944392543286085e-04 7.879079319536685944e-03
1.400000000000000000e+05 1.510472409427165985e-02 7.807181030511856079e-02 2.676831500139087439e-04 7.879702374339103699e-03 1.510472409427165985e-02 7.807181030511856079e-02 2.676831500139087439e-04 7.879702374339103699e-03
1.410000000000000000e+05 1.817753165960311890e-02 4.716650396585464478e-02 2.673847484402358532e-04 7.861576043069362640e-03 1.817753165960311890e-02 4.716650396585464478e-02 2.673847484402358532e-04 7.861576043069362640e-03
1.420000000000000000e+05 1.723500154912471771e-02 4.205184429883956909e-02 2.675547730177640915e-04 7.935067638754844666e-03 1.723500154912471771e-02 4.205184429883956909e-02 2.675547730177640915e-04 7.935067638754844666e-03
1.430000000000000000e+05 1.432233490049839020e-02 2.683462575078010559e-02 2.707732201088219881e-04 7.803959771990776062e-03 1.432233490049839020e-02 2.683462575078010559e-02 2.707732201088219881e-04 7.803959771990776062e-03
1.440000000000000000e+05 2.678016200661659241e-02 2.779550664126873016e-02 2.673782000783830881e-04 7.771703880280256271e-03 2.678016200661659241e-02 2.779550664126873016e-02 2.673782000783830881e-04 7.771703880280256271e-03
1.450000000000000000e+05 2.376195229589939117e-02 3.194162249565124512e-02 2.694960567168891430e-04 7.836548611521720886e-03 2.376195229589939117e-02 3.194162249565124512e-02 2.694960567168891430e-04 7.836548611521720886e-03
1.460000000000000000e+05 2.002950012683868408e-02 3.983643651008605957e-02 2.693417773116379976e-04 7.825256325304508209e-03 2.002950012683868408e-02 3.983643651008605957e-02 2.693417773116379976e-04 7.825256325304508209e-03
1.470000000000000000e+05 1.245346758514642715e-02 2.924607694149017334e-02 2.698466996662318707e-04 7.777916267514228821e-03 1.245346758514642715e-02 2.924607694149017334e-02 2.698466996662318707e-04 7.777916267514228821e-03
1.480000000000000000e+05 2.851082384586334229e-02 3.360448777675628662e-02 2.686878142412751913e-04 7.839315570890903473e-03 2.851082384586334229e-02 3.360448777675628662e-02 2.686878142412751913e-04 7.839315570890903473e-03
1.490000000000000000e+05 1.616354845464229584e-02 2.774223499000072479e-02 2.684821665752679110e-04 7.806481327861547470e-03 1.616354845464229584e-02 2.774223499000072479e-02 2.684821665752679110e-04 7.806481327861547470e-03
1.500000000000000000e+05 2.378249354660511017e-02 2.808479592204093933e-02 2.634878910612314939e-04 7.765700574964284897e-03 2.378249354660511017e-02 2.808479592204093933e-02 2.634878910612314939e-04 7.765700574964284897e-03
1.510000000000000000e+05 1.489199232310056686e-02 2.092597447335720062e-02 2.661926264408975840e-04 7.777232211083173752e-03 1.489199232310056686e-02 2.092597447335720062e-02 2.661926264408975840e-04 7.777232211083173752e-03
1.520000000000000000e+05 1.743428781628608704e-02 3.772755339741706848e-02 2.689518732950091362e-04 7.768003735691308975e-03 1.743428781628608704e-02 3.772755339741706848e-02 2.689518732950091362e-04 7.768003735691308975e-03
1.530000000000000000e+05 1.670416630804538727e-02 3.736326470971107483e-02 2.696972514968365431e-04 7.760566193610429764e-03 1.670416630804538727e-02 3.736326470971107483e-02 2.696972514968365431e-04 7.760566193610429764e-03
1.540000000000000000e+05 1.337415911257266998e-02 2.208585850894451141e-02 2.649493690114468336e-04 7.744050119072198868e-03 1.337415911257266998e-02 2.208585850894451141e-02 2.649493690114468336e-04 7.744050119072198868e-03
1.550000000000000000e+05 1.052699144929647446e-02 4.083850979804992676e-02 2.626511850394308567e-04 7.749227341264486313e-03 1.052699144929647446e-02 4.083850979804992676e-02 2.626511850394308567e-04 7.749227341264486313e-03
1.560000000000000000e+05 1.598151773214340210e-02 5.339905247092247009e-02 2.638376899994909763e-04 7.737149950116872787e-03 1.598151773214340210e-02 5.339905247092247009e-02 2.638376899994909763e-04 7.737149950116872787e-03
1.570000000000000000e+05 3.128308802843093872e-02 3.064612485468387604e-02 2.633390540722757578e-04 7.752342149615287781e-03 3.128308802843093872e-02 3.064612485468387604e-02 2.633390540722757578e-04 7.752342149615287781e-03
1.580000000000000000e+05 1.891819573938846588e-02 3.576494380831718445e-02 2.679529425222426653e-04 7.717429194599390030e-03 1.891819573938846588e-02 3.576494380831718445e-02 2.679529425222426653e-04 7.717429194599390030e-03
1.590000000000000000e+05 2.263833582401275635e-02 3.397099301218986511e-02 2.678712480701506138e-04 7.680145557969808578e-03 2.263833582401275635e-02 3.397099301218986511e-02 2.678712480701506138e-04 7.680145557969808578e-03
1.600000000000000000e+05 1.618845388293266296e-02 2.488456480205059052e-02 2.651312970556318760e-04 7.707174401730298996e-03 1.618845388293266296e-02 2.488456480205059052e-02 2.651312970556318760e-04 7.707174401730298996e-03
1.610000000000000000e+05 1.998229883611202240e-02 6.003635749220848083e-02 2.659087476786226034e-04 7.706616539508104324e-03 1.998229883611202240e-02 6.003635749220848083e-02 2.659087476786226034e-04 7.706616539508104324e-03
1.620000000000000000e+05 1.433101482689380646e-02 4.676355421543121338e-02 2.643336483743041754e-04 7.678866386413574219e-03 1.433101482689380646e-02 4.676355421543121338e-02 2.643336483743041754e-04 7.678866386413574219e-03
1.630000000000000000e+05 1.730833016335964203e-02 3.539738059043884277e-02 2.623614273034036160e-04 7.714170496910810471e-03 1.730833016335964203e-02 3.539738059043884277e-02 2.623614273034036160e-04 7.714170496910810471e-03
1.640000000000000000e+05 1.041263807564973831e-02 2.224387787282466888e-02 2.630308736115694046e-04 7.688330952078104019e-03 1.041263807564973831e-02 2.224387787282466888e-02 2.630308736115694046e-04 7.688330952078104019e-03
1.650000000000000000e+05 1.566237770020961761e-02 2.748539671301841736e-02 2.639038721099495888e-04 7.715984713286161423e-03 1.566237770020961761e-02 2.748539671301841736e-02 2.639038721099495888e-04 7.715984713286161423e-03
1.660000000000000000e+05 1.063595619052648544e-02 4.959117621183395386e-02 2.648022200446575880e-04 7.678400725126266479e-03 1.063595619052648544e-02 4.959117621183395386e-02 2.648022200446575880e-04 7.678400725126266479e-03
1.670000000000000000e+05 1.659136824309825897e-02 6.590367108583450317e-02 2.632561954669654369e-04 7.672767154872417450e-03 1.659136824309825897e-02 6.590367108583450317e-02 2.632561954669654369e-04 7.672767154872417450e-03
1.680000000000000000e+05 2.223419398069381714e-02 4.277319833636283875e-02 2.638997975736856461e-04 7.694008760154247284e-03 2.223419398069381714e-02 4.277319833636283875e-02 2.638997975736856461e-04 7.694008760154247284e-03
1.690000000000000000e+05 2.149718813598155975e-02 4.052389785647392273e-02 2.697739691939204931e-04 7.582719903439283371e-03 2.149718813598155975e-02 4.052389785647392273e-02 2.697739691939204931e-04 7.582719903439283371e-03
1.700000000000000000e+05 2.425863407552242279e-02 5.210382863879203796e-02 2.685687795747071505e-04 7.586445659399032593e-03 2.425863407552242279e-02 5.210382863879203796e-02 2.685687795747071505e-04 7.586445659399032593e-03
1.710000000000000000e+05 1.941702328622341156e-02 4.081650450825691223e-02 2.644286141730844975e-04 7.640169933438301086e-03 1.941702328622341156e-02 4.081650450825691223e-02 2.644286141730844975e-04 7.640169933438301086e-03
1.720000000000000000e+05 1.747099868953227997e-02 3.477360308170318604e-02 2.623000473249703646e-04 7.666698656976222992e-03 1.747099868953227997e-02 3.477360308170318604e-02 2.623000473249703646e-04 7.666698656976222992e-03
1.730000000000000000e+05 1.722961850464344025e-02 4.760831966996192932e-02 2.606210182420909405e-04 7.617720868438482285e-03 1.722961850464344025e-02 4.760831966996192932e-02 2.606210182420909405e-04 7.617720868438482285e-03
1.740000000000000000e+05 1.269232016056776047e-02 3.678894415497779846e-02 2.618386351969093084e-04 7.629443891346454620e-03 1.269232016056776047e-02 3.678894415497779846e-02 2.618386351969093084e-04 7.629443891346454620e-03
1.750000000000000000e+05 3.835121914744377136e-02 3.619745373725891113e-02 2.577406412456184626e-04 7.672079838812351227e-03 3.835121914744377136e-02 3.619745373725891113e-02 2.577406412456184626e-04 7.672079838812351227e-03
1.760000000000000000e+05 1.832956261932849884e-02 3.450990840792655945e-02 2.606180205475538969e-04 7.615901064127683640e-03 1.832956261932849884e-02 3.450990840792655945e-02 2.606180205475538969e-04 7.615901064127683640e-03
1.770000000000000000e+05 1.239893585443496704e-02 3.087661042809486389e-02 2.626649220474064350e-04 7.564900908619165421e-03 1.239893585443496704e-02 3.087661042809486389e-02 2.626649220474064350e-04 7.564900908619165421e-03
1.780000000000000000e+05 1.889268308877944946e-02 2.740420401096343994e-02 2.638677833601832390e-04 7.552174385637044907e-03 1.889268308877944946e-02 2.740420401096343994e-02 2.638677833601832390e-04 7.552174385637044907e-03
1.790000000000000000e+05 1.665033586323261261e-02 2.426811680197715759e-02 2.632218529470264912e-04 7.574394810944795609e-03 1.665033586323261261e-02 2.426811680197715759e-02 2.632218529470264912e-04 7.574394810944795609e-03
1.800000000000000000e+05 2.077958546578884125e-02 3.591419383883476257e-02 2.609300718177109957e-04 7.521728985011577606e-03 2.077958546578884125e-02 3.591419383883476257e-02 2.609300718177109957e-04 7.521728985011577606e-03
1.810000000000000000e+05 1.946021616458892822e-02 3.984123840928077698e-02 2.624977205414324999e-04 7.533232215791940689e-03 1.946021616458892822e-02 3.984123840928077698e-02 2.624977205414324999e-04 7.533232215791940689e-03
1.820000000000000000e+05 1.848982833325862885e-02 5.801520124077796936e-02 2.594424877315759659e-04 7.586987689137458801e-03 1.848982833325862885e-02 5.801520124077796936e-02 2.594424877315759659e-04 7.586987689137458801e-03
1.830000000000000000e+05 1.569813676178455353e-02 6.490584462881088257e-02 2.615855773910880089e-04 7.552858442068099976e-03 1.569813676178455353e-02 6.490584462881088257e-02 2.615855773910880089e-04 7.552858442068099976e-03
1.840000000000000000e+05 1.632808148860931396e-02 2.011724561452865601e-02 2.628270885907113552e-04 7.520167622715234756e-03 1.632808148860931396e-02 2.011724561452865601e-02 2.628270885907113552e-04 7.520167622715234756e-03
1.850000000000000000e+05 1.841799169778823853e-02 2.287231199443340302e-02 2.619113656692206860e-04 7.531139533966779709e-03 1.841799169778823853e-02 2.287231199443340302e-02 2.619113656692206860e-04 7.531139533966779709e-03
1.860000000000000000e+05 1.801190339028835297e-02 3.648781776428222656e-02 2.617099962662905455e-04 7.520204409956932068e-03 1.801190339028835297e-02 3.648781776428222656e-02 2.617099962662905455e-04 7.520204409956932068e-03
1.870000000000000000e+05 3.038486838340759277e-02 5.002301186323165894e-02 2.648710214998573065e-04 7.482216693460941315e-03 3.038486838340759277e-02 5.002301186323165894e-02 2.648710214998573065e-04 7.482216693460941315e-03
1.880000000000000000e+05 1.702333241701126099e-02 7.360713928937911987e-02 2.619204460643231869e-04 7.513209711760282516e-03 1.702333241701126099e-02 7.360713928937911987e-02 2.619204460643231869e-04 7.513209711760282516e-03
1.890000000000000000e+05 1.259790826588869095e-02 3.186430782079696655e-02 2.604448818601667881e-04 7.491087540984153748e-03 1.259790826588869095e-02 3.186430782079696655e-02 2.604448818601667881e-04 7.491087540984153748e-03
1.900000000000000000e+05 1.980138197541236877e-02 4.902481660246849060e-02 2.637064317241311073e-04 7.474333047866821289e-03 1.980138197541236877e-02 4.902481660246849060e-02 2.637064317241311073e-04 7.474333047866821289e-03
1.910000000000000000e+05 1.486736442893743515e-02 2.859033830463886261e-02 2.620906161610037088e-04 7.501814048737287521e-03 1.486736442893743515e-02 2.859033830463886261e-02 2.620906161610037088e-04 7.501814048737287521e-03
1.920000000000000000e+05 2.189417369663715363e-02 4.429076984524726868e-02 2.625797060318291187e-04 7.538489997386932373e-03 2.189417369663715363e-02 4.429076984524726868e-02 2.625797060318291187e-04 7.538489997386932373e-03
1.930000000000000000e+05 1.553216204047203064e-02 3.355948626995086670e-02 2.634434495121240616e-04 7.481296546757221222e-03 1.553216204047203064e-02 3.355948626995086670e-02 2.634434495121240616e-04 7.481296546757221222e-03
1.940000000000000000e+05 1.236572302877902985e-02 3.380030766129493713e-02 2.618730941321700811e-04 7.473237346857786179e-03 1.236572302877902985e-02 3.380030766129493713e-02 2.618730941321700811e-04 7.473237346857786179e-03
1.950000000000000000e+05 2.365872450172901154e-02 5.496896430850028992e-02 2.602490712888538837e-04 7.485815323889255524e-03 2.365872450172901154e-02 5.496896430850028992e-02 2.602490712888538837e-04 7.485815323889255524e-03
1.960000000000000000e+05 2.748149633407592773e-02 5.954275280237197876e-02 2.590510994195938110e-04 7.478390354663133621e-03 2.748149633407592773e-02 5.954275280237197876e-02 2.590510994195938110e-04 7.478390354663133621e-03
1.970000000000000000e+05 5.665154010057449341e-02 7.508779317140579224e-02 2.626685018185526133e-04 7.346500642597675323e-03 5.665154010057449341e-02 7.508779317140579224e-02 2.626685018185526133e-04 7.346500642597675323e-03
1.980000000000000000e+05 1.824890077114105225e-02 3.424262255430221558e-02 2.621205931063741446e-04 7.447073701769113541e-03 1.824890077114105225e-02 3.424262255430221558e-02 2.621205931063741446e-04 7.447073701769113541e-03
1.990000000000000000e+05 1.520262006670236588e-02 4.282866045832633972e-02 2.625929191708564758e-04 7.503611966967582703e-03 1.520262006670236588e-02 4.282866045832633972e-02 2.625929191708564758e-04 7.503611966967582703e-03
2.000000000000000000e+05 1.467660907655954361e-02 3.145764395594596863e-02 2.577773120719939470e-04 7.497492711991071701e-03 1.467660907655954361e-02 3.145764395594596863e-02 2.577773120719939470e-04 7.497492711991071701e-03
2.000000000000000000e+05 1.467660907655954361e-02 3.145764395594596863e-02 2.577773120719939470e-04 7.497492711991071701e-03 1.467660907655954361e-02 3.145764395594596863e-02 2.577773120719939470e-04 7.497492711991071701e-03
2.010000000000000000e+05 8.397501893341541290e-03 1.929797604680061340e-02 2.595768601167947054e-04 7.466316223144531250e-03 8.397501893341541290e-03 1.929797604680061340e-02 2.595768601167947054e-04 7.466316223144531250e-03
2.020000000000000000e+05 8.287891745567321777e-03 1.932315900921821594e-02 2.594144898466765881e-04 7.474561221897602081e-03 8.287891745567321777e-03 1.932315900921821594e-02 2.594144898466765881e-04 7.474561221897602081e-03
2.030000000000000000e+05 7.297647651284933090e-03 1.906526647508144379e-02 2.594996185507625341e-04 7.452604360878467560e-03 7.297647651284933090e-03 1.906526647508144379e-02 2.594996185507625341e-04 7.452604360878467560e-03
2.040000000000000000e+05 7.318333256989717484e-03 1.928777433931827545e-02 2.581467269919812679e-04 7.478911429643630981e-03 7.318333256989717484e-03 1.928777433931827545e-02 2.581467269919812679e-04 7.478911429643630981e-03
2.050000000000000000e+05 7.257827091962099075e-03 2.128741890192031860e-02 2.579677966423332691e-04 7.458107545971870422e-03 7.257827091962099075e-03 2.128741890192031860e-02 2.579677966423332691e-04 7.458107545971870422e-03
2.060000000000000000e+05 7.558211684226989746e-03 2.311569452285766602e-02 2.596518315840512514e-04 7.462151348590850830e-03 7.558211684226989746e-03 2.311569452285766602e-02 2.596518315840512514e-04 7.462151348590850830e-03
2.070000000000000000e+05 6.976784672588109970e-03 1.785246096551418304e-02 2.583513851277530193e-04 7.492618635296821594e-03 6.976784672588109970e-03 1.785246096551418304e-02 2.583513851277530193e-04 7.492618635296821594e-03
2.080000000000000000e+05 7.100468035787343979e-03 1.873658597469329834e-02 2.590249932836741209e-04 7.467466872185468674e-03 7.100468035787343979e-03 1.873658597469329834e-02 2.590249932836741209e-04 7.467466872185468674e-03
2.090000000000000000e+05 7.749211974442005157e-03 2.027082443237304688e-02 2.599480212666094303e-04 7.486303336918354034e-03 7.749211974442005157e-03 2.027082443237304688e-02 2.599480212666094303e-04 7.486303336918354034e-03
2.100000000000000000e+05 7.273203693330287933e-03 1.803578622639179230e-02 2.581695152912288904e-04 7.479235064238309860e-03 7.273203693330287933e-03 1.803578622639179230e-02 2.581695152912288904e-04 7.479235064238309860e-03
2.110000000000000000e+05 7.186804432421922684e-03 1.808949373662471771e-02 2.588271163403987885e-04 7.464922964572906494e-03 7.186804432421922684e-03 1.808949373662471771e-02 2.588271163403987885e-04 7.464922964572906494e-03
2.120000000000000000e+05 7.854253984987735748e-03 1.796009950339794159e-02 2.587433846201747656e-04 7.445925846695899963e-03 7.854253984987735748e-03 1.796009950339794159e-02 2.587433846201747656e-04 7.445925846695899963e-03
2.130000000000000000e+05 7.426921278238296509e-03 1.896511577069759369e-02 2.589319774415344000e-04 7.448781281709671021e-03 7.426921278238296509e-03 1.896511577069759369e-02 2.589319774415344000e-04 7.448781281709671021e-03
2.140000000000000000e+05 7.066165097057819366e-03 1.799963973462581635e-02 2.600818115752190351e-04 7.465612143278121948e-03 7.066165097057819366e-03 1.799963973462581635e-02 2.600818115752190351e-04 7.465612143278121948e-03
2.150000000000000000e+05 1.167335733771324158e-02 2.659987844526767731e-02 2.592976961750537157e-04 7.483507506549358368e-03 1.167335733771324158e-02 2.659987844526767731e-02 2.592976961750537157e-04 7.483507506549358368e-03
2.160000000000000000e+05 7.850381545722484589e-03 1.975703053176403046e-02 2.574788813944905996e-04 7.472393568605184555e-03 7.850381545722484589e-03 1.975703053176403046e-02 2.574788813944905996e-04 7.472393568605184555e-03
2.170000000000000000e+05 7.325451821088790894e-03 2.073991484940052032e-02 2.587201306596398354e-04 7.459534332156181335e-03 7.325451821088790894e-03 2.073991484940052032e-02 2.587201306596398354e-04 7.459534332156181335e-03
2.180000000000000000e+05 7.417798973619937897e-03 2.171194367110729218e-02 2.598944993223994970e-04 7.466948125511407852e-03 7.417798973619937897e-03 2.171194367110729218e-02 2.598944993223994970e-04 7.466948125511407852e-03
2.190000000000000000e+05 7.059431634843349457e-03 2.030936256051063538e-02 2.582605811767280102e-04 7.461084984242916107e-03 7.059431634843349457e-03 2.030936256051063538e-02 2.582605811767280102e-04 7.461084984242916107e-03
2.200000000000000000e+05 7.027466781437397003e-03 1.804738119244575500e-02 2.573277452029287815e-04 7.444202899932861328e-03 7.027466781437397003e-03 1.804738119244575500e-02 2.573277452029287815e-04 7.444202899932861328e-03
2.210000000000000000e+05 7.283529266715049744e-03 1.779572106897830963e-02 2.574560348875820637e-04 7.441796362400054932e-03 7.283529266715049744e-03 1.779572106897830963e-02 2.574560348875820637e-04 7.441796362400054932e-03
2.220000000000000000e+05 6.584846880286931992e-03 1.772913895547389984e-02 2.572874363977462053e-04 7.410077843815088272e-03 6.584846880286931992e-03 1.772913895547389984e-02 2.572874363977462053e-04 7.410077843815088272e-03
2.230000000000000000e+05 7.146344520151615143e-03 1.802812330424785614e-02 2.583900059107691050e-04 7.410165853798389435e-03 7.146344520151615143e-03 1.802812330424785614e-02 2.583900059107691050e-04 7.410165853798389435e-03
2.240000000000000000e+05 8.073847740888595581e-03 3.114048950374126434e-02 2.574969548732042313e-04 7.425610441714525223e-03 8.073847740888595581e-03 3.114048950374126434e-02 2.574969548732042313e-04 7.425610441714525223e-03
2.250000000000000000e+05 6.524394731968641281e-03 2.266703359782695770e-02 2.579805150162428617e-04 7.406158372759819031e-03 6.524394731968641281e-03 2.266703359782695770e-02 2.579805150162428617e-04 7.406158372759819031e-03
2.260000000000000000e+05 7.197732105851173401e-03 1.807448640465736389e-02 2.587819762993603945e-04 7.391165941953659058e-03 7.197732105851173401e-03 1.807448640465736389e-02 2.587819762993603945e-04 7.391165941953659058e-03
2.270000000000000000e+05 7.885656319558620453e-03 1.812441647052764893e-02 2.587192575447261333e-04 7.427598349750041962e-03 7.885656319558620453e-03 1.812441647052764893e-02 2.587192575447261333e-04 7.427598349750041962e-03
2.280000000000000000e+05 7.732391357421875000e-03 1.930228807032108307e-02 2.588527859188616276e-04 7.414702791720628738e-03 7.732391357421875000e-03 1.930228807032108307e-02 2.588527859188616276e-04 7.414702791720628738e-03
2.290000000000000000e+05 6.971261929720640182e-03 1.915036514401435852e-02 2.576863626018166542e-04 7.416493725031614304e-03 6.971261929720640182e-03 1.915036514401435852e-02 2.576863626018166542e-04 7.416493725031614304e-03
2.300000000000000000e+05 8.946006186306476593e-03 1.859416253864765167e-02 2.594786055851727724e-04 7.425187621265649796e-03 8.946006186306476593e-03 1.859416253864765167e-02 2.594786055851727724e-04 7.425187621265649796e-03
2.300000000000000000e+05 8.946006186306476593e-03 1.859416253864765167e-02 2.594786055851727724e-04 7.425187621265649796e-03 8.946006186306476593e-03 1.859416253864765167e-02 2.594786055851727724e-04 7.425187621265649796e-03
2.310000000000000000e+05 6.591039709746837616e-03 1.747456751763820648e-02 2.585469046607613564e-04 7.429124321788549423e-03 6.591039709746837616e-03 1.747456751763820648e-02 2.585469046607613564e-04 7.429124321788549423e-03
2.320000000000000000e+05 7.207352668046951294e-03 1.751809380948543549e-02 2.593474055174738169e-04 7.427495438605546951e-03 7.207352668046951294e-03 1.751809380948543549e-02 2.593474055174738169e-04 7.427495438605546951e-03
2.330000000000000000e+05 6.309732794761657715e-03 1.742138713598251343e-02 2.578401763457804918e-04 7.434430997818708420e-03 6.309732794761657715e-03 1.742138713598251343e-02 2.578401763457804918e-04 7.434430997818708420e-03
2.340000000000000000e+05 6.582590751349925995e-03 1.731915213167667389e-02 2.591260708868503571e-04 7.440256420522928238e-03 6.582590751349925995e-03 1.731915213167667389e-02 2.591260708868503571e-04 7.440256420522928238e-03
2.350000000000000000e+05 6.296783685684204102e-03 1.899971254169940948e-02 2.590548538137227297e-04 7.431258913129568100e-03 6.296783685684204102e-03 1.899971254169940948e-02 2.590548538137227297e-04 7.431258913129568100e-03
2.360000000000000000e+05 6.127616390585899353e-03 1.734524592757225037e-02 2.600411826279014349e-04 7.417081389576196671e-03 6.127616390585899353e-03 1.734524592757225037e-02 2.600411826279014349e-04 7.417081389576196671e-03
2.370000000000000000e+05 6.276374682784080505e-03 1.728939265012741089e-02 2.588176284916698933e-04 7.424419745802879333e-03 6.276374682784080505e-03 1.728939265012741089e-02 2.588176284916698933e-04 7.424419745802879333e-03
2.380000000000000000e+05 6.168480496853590012e-03 1.753224432468414307e-02 2.588027855381369591e-04 7.411854341626167297e-03 6.168480496853590012e-03 1.753224432468414307e-02 2.588027855381369591e-04 7.411854341626167297e-03
2.390000000000000000e+05 6.272593047469854355e-03 1.741360872983932495e-02 2.590514195617288351e-04 7.401256356388330460e-03 6.272593047469854355e-03 1.741360872983932495e-02 2.590514195617288351e-04 7.401256356388330460e-03
2.400000000000000000e+05 6.700743921101093292e-03 1.752071455121040344e-02 2.587135822977870703e-04 7.394776679575443268e-03 6.700743921101093292e-03 1.752071455121040344e-02 2.587135822977870703e-04 7.394776679575443268e-03
2.410000000000000000e+05 6.142258178442716599e-03 1.742676831781864166e-02 2.586183254607021809e-04 7.404669187963008881e-03 6.142258178442716599e-03 1.742676831781864166e-02 2.586183254607021809e-04 7.404669187963008881e-03
2.420000000000000000e+05 6.148182787001132965e-03 1.727176457643508911e-02 2.583965251687914133e-04 7.415964733809232712e-03 6.148182787001132965e-03 1.727176457643508911e-02 2.583965251687914133e-04 7.415964733809232712e-03
2.430000000000000000e+05 6.118836347013711929e-03 1.720521412789821625e-02 2.581541193649172783e-04 7.417086977511644363e-03 6.118836347013711929e-03 1.720521412789821625e-02 2.581541193649172783e-04 7.417086977511644363e-03
2.440000000000000000e+05 6.044813897460699081e-03 1.758851669728755951e-02 2.580703585408627987e-04 7.417400367558002472e-03 6.044813897460699081e-03 1.758851669728755951e-02 2.580703585408627987e-04 7.417400367558002472e-03
2.450000000000000000e+05 6.101662758737802505e-03 1.729690469801425934e-02 2.580649743322283030e-04 7.425417657941579819e-03 6.101662758737802505e-03 1.729690469801425934e-02 2.580649743322283030e-04 7.425417657941579819e-03
2.460000000000000000e+05 6.141801830381155014e-03 1.720537617802619934e-02 2.582143933977931738e-04 7.413028273731470108e-03 6.141801830381155014e-03 1.720537617802619934e-02 2.582143933977931738e-04 7.413028273731470108e-03
2.470000000000000000e+05 6.052325945347547531e-03 1.716876961290836334e-02 2.586728951428085566e-04 7.408196106553077698e-03 6.052325945347547531e-03 1.716876961290836334e-02 2.586728951428085566e-04 7.408196106553077698e-03
2.480000000000000000e+05 6.085596513003110886e-03 1.717447675764560699e-02 2.584126195870339870e-04 7.419407367706298828e-03 6.085596513003110886e-03 1.717447675764560699e-02 2.584126195870339870e-04 7.419407367706298828e-03
2.490000000000000000e+05 6.065693683922290802e-03 1.716093160212039948e-02 2.582829038146883249e-04 7.423038594424724579e-03 6.065693683922290802e-03 1.716093160212039948e-02 2.582829038146883249e-04 7.423038594424724579e-03
2.500000000000000000e+05 6.012968253344297409e-03 1.720191724598407745e-02 2.572701778262853622e-04 7.436535321176052094e-03 6.012968253344297409e-03 1.720191724598407745e-02 2.572701778262853622e-04 7.436535321176052094e-03
2.510000000000000000e+05 5.998340900987386703e-03 1.726975850760936737e-02 2.572642115410417318e-04 7.436308544129133224e-03 5.998340900987386703e-03 1.726975850760936737e-02 2.572642115410417318e-04 7.436308544129133224e-03
2.520000000000000000e+05 6.262777373194694519e-03 1.726853288710117340e-02 2.592016535345464945e-04 7.429860997945070267e-03 6.262777373194694519e-03 1.726853288710117340e-02 2.592016535345464945e-04 7.429860997945070267e-03
2.530000000000000000e+05 7.359332405030727386e-03 1.730875484645366669e-02 2.592633827589452267e-04 7.428116630762815475e-03 7.359332405030727386e-03 1.730875484645366669e-02 2.592633827589452267e-04 7.428116630762815475e-03
2.540000000000000000e+05 6.776906084269285202e-03 1.743311248719692230e-02 2.593043318483978510e-04 7.436783518642187119e-03 6.776906084269285202e-03 1.743311248719692230e-02 2.593043318483978510e-04 7.436783518642187119e-03
2.550000000000000000e+05 6.610568612813949585e-03 2.181638218462467194e-02 2.582283923402428627e-04 7.441799156367778778e-03 6.610568612813949585e-03 2.181638218462467194e-02 2.582283923402428627e-04 7.441799156367778778e-03
2.560000000000000000e+05 8.574716746807098389e-03 1.797856017947196960e-02 2.588469360489398241e-04 7.431735750287771225e-03 8.574716746807098389e-03 1.797856017947196960e-02 2.588469360489398241e-04 7.431735750287771225e-03
2.570000000000000000e+05 6.370469927787780762e-03 2.126333862543106079e-02 2.585567417554557323e-04 7.426884025335311890e-03 6.370469927787780762e-03 2.126333862543106079e-02 2.585567417554557323e-04 7.426884025335311890e-03
2.580000000000000000e+05 6.580754183232784271e-03 1.856394112110137939e-02 2.582259476184844971e-04 7.421961519867181778e-03 6.580754183232784271e-03 1.856394112110137939e-02 2.582259476184844971e-04 7.421961519867181778e-03
2.590000000000000000e+05 5.978718865662813187e-03 1.818373613059520721e-02 2.587936178315430880e-04 7.427024189382791519e-03 5.978718865662813187e-03 1.818373613059520721e-02 2.587936178315430880e-04 7.427024189382791519e-03
2.600000000000000000e+05 7.072596810758113861e-03 1.840708032250404358e-02 2.585468173492699862e-04 7.425922900438308716e-03 7.072596810758113861e-03 1.840708032250404358e-02 2.585468173492699862e-04 7.425922900438308716e-03
2.600000000000000000e+05 7.072596810758113861e-03 1.840708032250404358e-02 2.585468173492699862e-04 7.425922900438308716e-03 7.072596810758113861e-03 1.840708032250404358e-02 2.585468173492699862e-04 7.425922900438308716e-03
2.600520000000000000e+05 6.465277634561061859e-03 2.167465910315513611e-02 2.584968751762062311e-04 7.423040457069873810e-03 6.465277634561061859e-03 2.167465910315513611e-02 2.584968751762062311e-04 7.423040457069873810e-03
